<<<<<<< HEAD
14.8 25.0
16.0 23.8
17.2 25.0
16.0 26.2
2.8 0.0
4.0 -1.2
5.2 0.0
4.0 1.2
18.8 55.0
20.0 53.8
21.2 55.0
20.0 56.2
-1.2 35.0
0.0 33.8
1.2 35.0
0.0 36.2
2.8 60.0
4.0 58.8
5.2 60.0
4.0 61.2
18.8 65.0
20.0 63.8
21.2 65.0
20.0 66.2
14.8 15.0
16.0 13.8
17.2 15.0
16.0 16.2
14.8 20.0
16.0 18.8
17.2 20.0
16.0 21.2
14.8 60.0
16.0 58.8
17.2 60.0
16.0 61.2
-1.2 0.0
0.0 -1.2
1.2 0.0
0.0 1.2
=======
13.8 5.0
15.0 3.8
16.2 5.0
15.0 6.2
-1.2 10.0
0.0 8.8
1.2 10.0
0.0 11.2
3.8 5.0
5.0 3.8
6.2 5.0
5.0 6.2
13.8 55.0
15.0 53.8
16.2 55.0
15.0 56.2
28.8 10.0
30.0 8.8
31.2 10.0
30.0 11.2
3.8 0.0
5.0 -1.2
6.2 0.0
5.0 1.2
-1.2 60.0
0.0 58.8
1.2 60.0
0.0 61.2
8.8 30.0
10.0 28.8
11.2 30.0
10.0 31.2
8.8 30.0
10.0 28.8
11.2 30.0
10.0 31.2
23.8 50.0
25.0 48.8
26.2 50.0
25.0 51.2
>>>>>>> 2241a887912be360c2398faea891b0edf00ab1e7
